4294967278,352
3,4
3,1
3,5
7,4
7,1
7,5
4294967294,1398
4294967294,1405
4294967294,1394
4294967294,1383
4294967294,1380
4294967294,1370
4294967294,1368
4294967294,1366
4294967294,1362
4294967294,1361
4294967294,1358
4294967294,1357
4294967294,1351
4294967294,1350
4294967294,1347
4294967294,1346
4294967294,603
4294967294,602
4294967294,598
4294967294,589
4294967294,588
4294967294,587
4294967294,586
4294967294,585
4294967294,584
4294967294,582
4294967294,581
4294967294,580
4294967294,577
4294967294,81
4294967279,315
4294967279,302
4294967279,300
4294967279,289
4294967279,260
4294967279,2
4294967279,0
4294967278,346
4294967278,341
4294967278,339
4294967278,323
19,8
19,1
15,5
15,4
15,2
15,1
4294967294,590
11,14
11,13
11,9
11,8
11,6
11,5
11,4
11,2
11,1
11,0
4294967294,601
4294967294,583
4294967294,600
4294967294,599
4294967294,127
4294967294,126
4294967294,120
4294967294,119
4294967294,118
4294967294,117
4294967294,116
2,5
4294967278,300
4294967278,297
4294967278,295
4294967278,294
18,5
4294967278,293
4294967278,292
4294967278,291
2,1
2,4
6,4
6,5
6,1
6,6
4294967294,294
4294967294,1087
4294967294,1086
4294967294,1085
4294967294,1083
4294967294,1082
4294967294,1081
4294967294,1076
4294967294,1074
4294967294,1073
4294967294,1071
4294967294,1068
4294967294,1066
4294967294,1065
4294967294,1056
4294967294,1055
4294967294,319
4294967294,317
4294967294,315
4294967294,314
4294967294,309
4294967294,306
4294967294,301
4294967294,300
4294967294,297
4294967294,293
4294967294,284
4294967294,277
4294967294,275
4294967294,272
4294967294,268
4294967294,266
4294967294,262
4294967294,50
4294967294,35
4294967294,34
4294967294,33
4294967294,32
4294967294,31
4294967294,30
4294967294,23
4294967294,22
4294967294,21
4294967294,11
4294967294,10
4294967294,7
4294967294,6
4294967279,498
4294967279,486
4294967279,483
4294967279,239
4294967278,296
4294967278,286
4294967278,2
18,6
18,4
18,1
14,11
14,10
14,9
14,7
14,6
14,5
14,4
14,1
4294967294,8
4294967294,59
4294967294,58
4294967294,14
4294967294,13
4294967294,12
4294967278,285
4294967278,260
4294967278,0
4294967294,20
4294967294,19
4294967294,18
4294967294,5
4294967294,1067
4294967294,1070
4294967294,1079
4294967294,1084
4294967294,1075
4294967294,1080
4294967294,1069
4294967294,1077
4294967294,53
4294967294,52
4294967294,51
4294967294,49
4294967294,48
4294967294,47
4294967294,45
13,5
4294967279,423
4294967279,422
13,10
13,7
13,6
5,4
5,1
5,6
4294967279,420
4294967294,476
4294967294,474
4294967279,417
4294967294,472
4294967294,1509
4294967294,239
4294967294,455
4294967294,456
4294967294,1513
4294967294,1508
4294967294,1507
4294967294,1502
4294967294,1499
4294967294,1497
4294967294,1496
4294967294,1495
4294967294,1494
4294967294,1493
4294967294,1491
4294967294,1490
4294967294,1484
4294967294,1474
4294967294,1473
4294967294,1279
4294967294,1269
4294967294,1266
4294967294,1259
4294967294,1258
4294967294,1255
4294967294,1254
4294967294,1253
4294967294,1252
4294967294,1251
4294967294,1250
4294967294,1249
4294967294,1248
4294967294,1247
4294967294,1244
4294967294,479
4294967294,478
4294967294,477
4294967294,475
4294967294,473
4294967294,464
4294967294,452
4294967294,448
4294967294,255
4294967294,254
4294967294,235
4294967294,231
4294967294,227
4294967294,219
4294967294,210
4294967294,209
4294967294,207
4294967294,201
4294967294,200
4294967279,444
4294967279,429
4294967279,428
4294967279,427
4294967279,426
4294967279,421
4294967279,410
4294967279,174
13,12
13,11
13,4
13,1
11,177
11,176
11,175
11,174
11,173
12,8
4294967294,1422
4294967294,1430
4294967294,1429
4294967294,1428
4294967294,1427
4294967294,1418
4294967294,1417
4294967294,1416
4294967294,1415
4294967294,1414
4294967294,1413
4294967294,1411
4294967294,1410
4294967294,1408
4294967294,1166
4294967294,446
4294967294,445
4294967294,444
4294967294,443
4294967294,434
4294967294,433
4294967294,431
4294967294,429
4294967294,428
4294967294,427
4294967294,424
4294967294,423
4294967294,159
4294967294,158
4294967294,157
4294967294,156
4294967294,155
4294967294,154
4294967294,153
4294967294,152
4294967294,150
4294967294,149
4294967294,148
4294967294,147
4294967294,146
4294967294,145
4294967294,144
4294967294,143
4294967294,142
4294967294,141
4294967294,139
4294967294,138
4294967294,134
4294967294,130
4294967294,128
4294967278,426
4294967278,410
4294967278,408
16,5
16,4
16,1
12,7
12,5
12,4
12,1
11,112
11,98
11,94
11,89
4294967294,188
4294967294,185
4294967294,181
4294967294,184
4294967294,180
4294967294,177
4294967294,176
4294967294,1165
4294967294,1164
4294967294,1162
4294967294,174
4294967294,173
4294967294,172
4294967294,171
4294967294,170
